CHE_DO: CO_HUONG
SO_NUT: 100
0 482 385
1 157 337
2 372 290
3 913 626
4 590 148
5 916 432
6 265 288
7 158 433
8 160 579
9 912 340
10 266 480
11 264 532
12 700 291
13 264 672
14 376 100
15 806 481
16 696 195
17 267 340
18 376 384
19 697 675
20 374 433
21 484 148
22 589 579
23 588 243
24 156 193
25 375 624
26 156 100
27 805 385
28 698 624
29 267 433
30 156 676
31 700 386
32 915 288
33 806 675
34 916 480
35 698 432
36 484 241
37 807 292
38 264 192
39 372 196
40 266 578
41 157 148
42 590 532
43 697 145
44 591 99
45 483 288
46 698 531
47 700 244
48 698 481
49 912 673
50 266 385
51 264 147
52 590 626
53 807 628
54 588 675
55 913 147
56 806 98
57 806 528
58 806 577
59 480 480
60 588 338
61 808 243
62 589 480
63 376 483
64 914 241
65 157 384
66 267 242
67 484 336
68 159 243
69 157 530
70 588 194
71 696 337
72 913 99
73 374 339
74 914 195
75 700 578
76 484 577
77 158 627
78 157 482
79 808 148
80 806 434
81 589 432
82 480 673
83 482 96
84 376 578
85 806 336
86 699 99
87 374 244
88 912 532
89 268 100
90 915 577
91 374 674
92 482 530
93 376 528
94 159 292
95 915 387
96 374 145
97 484 434
98 590 388
99 480 628
CANH:
0 97 15
0 67 3
1 68 17
1 17 2
2 6 7
2 18 18
3 90 6
3 88 2
4 44 2
4 47 11
5 34 5
5 80 3
6 50 7
6 94 1
7 65 3
7 69 7
8 40 7
8 30 1
9 32 16
9 85 15
10 11 15
10 50 10
11 40 6
11 69 9
12 32 1
12 31 6
13 77 12
13 91 6
14 96 8
14 21 18
15 34 14
15 48 11
16 12 8
16 86 18
17 29 17
17 66 9
18 73 19
18 0 12
19 33 13
19 75 10
20 18 10
20 29 8
21 83 7
21 96 17
22 52 4
22 54 6
23 70 18
23 47 4
24 68 5
24 26 12
25 91 3
25 93 4
26 41 20
26 38 4
27 37 11
27 15 7
28 19 8
28 53 15
29 10 14
29 11 15
30 13 9
31 71 13
31 27 18
32 74 15
32 95 10
33 49 7
33 58 12
34 90 1
35 31 16
35 71 10
36 21 9
36 87 5
37 61 18
38 24 6
38 89 5
39 87 9
39 38 1
40 13 14
40 10 9
41 24 7
41 51 18
42 46 9
42 22 11
43 16 16
43 79 9
44 86 10
44 70 9
45 36 14
45 23 7
46 75 16
46 35 18
46 57 5
47 43 13
47 16 1
48 35 15
48 46 15
49 3 20
50 65 19
51 89 20
52 54 4
52 42 20
53 3 1
53 33 9
54 19 4
54 99 12
55 72 17
55 64 12
56 79 4
56 55 17
57 15 18
57 80 15
58 53 9
58 88 7
58 95 11
59 92 4
59 63 11
60 98 3
60 23 17
61 64 11
62 42 20
62 98 13
63 93 8
63 20 13
64 74 12
64 9 11
65 1 13
65 94 5
66 6 16
66 51 11
67 45 1
67 60 7
68 41 12
69 78 18
69 8 9
70 4 11
71 12 10
71 60 18
72 56 12
73 17 20
73 20 4
74 55 7
74 72 10
75 28 17
75 48 15
75 58 2
76 99 6
76 22 11
77 30 8
78 7 15
78 8 10
78 77 2
80 27 16
80 85 1
81 62 11
81 9 18
82 25 20
82 76 7
83 14 2
83 44 7
84 25 6
84 63 2
85 61 19
85 37 2
86 43 18
86 56 8
87 2 5
87 66 9
88 5 12
88 57 5
89 26 4
89 14 20
90 5 20
90 49 20
91 84 6
91 82 18
92 76 20
92 97 1
93 84 17
93 92 2
94 1 3
96 39 11
97 59 6
97 81 19
98 81 20
98 0 9
99 82 12
99 52 7
KET_THUC_DU_LIEU

============================================
         BAO CAO SO SANH THUAT TOAN         
============================================
========================================================
              BAO CAO PHAN TICH THUAT TOAN              
========================================================
Thoi gian xuat: 2025-12-27 22:35:51

--- 1. DO THI CO HUONG (Directed) ---
Thong so: So Dinh (V) = 100 | So Canh (E) = 187
----------------------------------------------------------------------------------------------------
Tieu chi             | BFS (Queue)            | DFS (Stack)            | Dijkstra (Heap)       
----------------------------------------------------------------------------------------------------
Do phuc tap (Big O)  | O(V + E)               | O(V + E)               | O((V+E)logV)          
Gia tri Ly thuyet    | ~ 287 phep tinh        | ~ 287 phep tinh        | ~ 1906.8 phep tinh    
Thoi gian chay       | 1.0638 ms              | 0.5268 ms              | 1.0477 ms             
So buoc mo phong     | 101 buoc               | 101 buoc               | 101 buoc              
Tong chi phi         | 51                     | 51                     | 51                    
----------------------------------------------------------------------------------------------------
Duong di BFS     : 0 -> 97 -> 59 -> 92 -> 76 -> 99
Duong di DFS     : 0 -> 97 -> 59 -> 92 -> 76 -> 99
Duong di Dijkstra: 0 -> 97 -> 59 -> 92 -> 76 -> 99

--- 2. DO THI VO HUONG (Undirected) ---
Thong so: So Dinh (V) = 100 | So Canh (E) = 374
----------------------------------------------------------------------------------------------------
Tieu chi             | BFS (Queue)            | DFS (Stack)            | Dijkstra (Heap)       
----------------------------------------------------------------------------------------------------
Do phuc tap (Big O)  | O(V + E)               | O(V + E)               | O((V+E)logV)          
Gia tri Ly thuyet    | ~ 474 phep tinh        | ~ 474 phep tinh        | ~ 3149.2 phep tinh    
Thoi gian chay       | 1.1116 ms              | 0.6655 ms              | 1.2278 ms             
So buoc mo phong     | 101 buoc               | 101 buoc               | 101 buoc              
Tong chi phi         | 42                     | 487                    | 42                    
----------------------------------------------------------------------------------------------------
Duong di BFS     : 0 -> 97 -> 92 -> 76 -> 99
Duong di DFS     : 0 -> 97 -> 59 -> 63 -> 93 -> 25 -> 91 -> 13 -> 77 -> 78 -> 7 -> 65 -> 1 -> 68 -> 41 -> 51 -> 89 -> 14 -> 96 -> 39 -> 87 -> 36 -> 45 -> 23 -> 70 -> 44 -> 86 -> 56 -> 55 -> 64 -> 9 -> 32 -> 95 -> 58 -> 53 -> 3 -> 90 -> 5 -> 80 -> 27 -> 15 -> 48 -> 46 -> 42 -> 22 -> 54 -> 99
Duong di Dijkstra: 0 -> 97 -> 92 -> 76 -> 99

GHI CHU:
 - Thoi gian chay bao gom ca thoi gian sinh ra cac trang thai mo phong (yield).
 - Gia tri ly thuyet la con so uoc luong dua tren cong thuc Big O.
