CHE_DO: CO_HUONG
SO_NUT: 90
0 160 516
1 696 675
2 808 100
3 373 571
4 160 622
5 375 364
6 592 363
7 590 154
8 806 464
9 373 467
10 912 572
11 808 623
12 696 207
13 592 622
14 591 205
15 267 468
16 376 308
17 916 464
18 591 520
19 808 518
20 267 572
21 916 258
22 589 312
23 372 519
24 697 364
25 376 206
26 808 152
27 481 676
28 157 259
29 480 467
30 912 363
31 265 308
32 804 207
33 483 360
34 805 256
35 481 572
36 912 673
37 373 674
38 483 208
39 160 467
40 696 104
41 267 516
42 264 101
43 916 207
44 483 155
45 160 413
46 700 621
47 808 360
48 264 416
49 804 312
50 484 103
51 156 673
52 696 152
53 376 624
54 266 364
55 912 624
56 805 572
57 589 672
58 590 260
59 375 259
60 589 102
61 697 256
62 696 414
63 698 465
64 373 156
65 808 412
66 484 416
67 697 309
68 267 258
69 157 204
70 808 675
71 157 100
72 915 310
73 266 155
74 913 412
75 480 520
76 482 256
77 265 205
78 483 308
79 590 570
80 159 152
81 588 416
82 375 414
83 159 364
84 916 153
85 912 520
86 160 569
87 592 467
88 912 100
89 373 103
CANH:
0 39 20
0 86 9
1 70 11
1 13 4
2 26 10
2 84 18
3 53 14
3 37 11
4 51 2
4 41 18
5 59 4
5 16 2
6 81 1
6 24 4
7 60 13
7 52 11
8 19 18
8 65 4
9 82 18
9 29 15
10 55 17
10 56 18
11 56 5
11 55 6
12 14 8
12 40 15
13 11 14
13 18 12
14 67 17
14 7 7
15 41 15
15 9 16
16 25 17
16 78 9
17 85 20
17 74 8
18 81 16
18 79 17
19 85 5
19 11 2
20 3 3
20 15 7
21 30 9
21 43 11
22 6 6
22 58 18
23 9 12
23 75 3
24 62 2
24 61 19
25 64 11
25 89 9
26 88 3
26 32 15
27 57 5
27 35 13
28 69 1
28 68 3
29 75 6
29 66 8
30 17 20
30 72 8
31 68 3
31 48 18
32 49 2
32 2 13
33 76 1
33 29 1
34 32 6
34 47 18
35 79 6
35 3 4
36 10 8
37 27 3
37 20 1
38 44 3
38 14 1
39 45 13
39 86 6
40 52 15
40 2 8
41 20 3
41 23 5
42 71 2
42 77 3
43 88 2
44 50 7
44 76 14
45 83 19
45 48 3
46 1 2
46 70 10
47 65 18
47 8 11
48 54 13
48 15 17
49 72 20
49 34 10
50 60 13
50 7 2
51 0 5
52 84 2
52 12 8
53 37 19
53 23 19
54 31 10
54 83 7
55 36 19
56 19 4
57 13 7
57 1 1
58 61 13
58 6 6
59 58 3
59 25 18
60 40 4
61 12 20
61 34 15
62 67 10
62 63 19
63 24 15
64 89 13
64 44 17
65 74 18
65 49 11
66 33 3
66 78 15
67 8 11
68 77 13
68 73 7
69 80 2
70 36 8
71 69 9
72 21 10
73 42 13
73 64 11
74 30 3
75 35 1
75 18 4
76 38 5
76 59 15
77 73 20
77 31 17
78 33 13
78 22 17
79 87 6
79 46 6
80 71 14
80 28 15
81 87 18
81 22 17
82 5 12
82 16 6
82 66 12
83 28 6
83 39 3
84 43 7
84 21 16
85 10 4
86 4 18
86 51 2
87 63 8
89 50 5
89 42 17
KET_THUC_DU_LIEU

============================================
         BAO CAO SO SANH THUAT TOAN         
============================================
========================================================
              BAO CAO PHAN TICH THUAT TOAN              
========================================================
Thoi gian xuat: 2025-12-27 22:34:47

--- 1. DO THI CO HUONG (Directed) ---
Thong so: So Dinh (V) = 90 | So Canh (E) = 164
----------------------------------------------------------------------------------------------------
Tieu chi             | BFS (Queue)            | DFS (Stack)            | Dijkstra (Heap)       
----------------------------------------------------------------------------------------------------
Do phuc tap (Big O)  | O(V + E)               | O(V + E)               | O((V+E)logV)          
Gia tri Ly thuyet    | ~ 254 phep tinh        | ~ 254 phep tinh        | ~ 1648.9 phep tinh    
Thoi gian chay       | 0.8708 ms              | 0.4789 ms              | 0.7873 ms             
So buoc mo phong     | 91 buoc                | 91 buoc                | 91 buoc               
Tong chi phi         | 92                     | 92                     | 92                    
----------------------------------------------------------------------------------------------------
Duong di BFS     : 0 -> 39 -> 45 -> 83 -> 28 -> 68 -> 73 -> 64 -> 89
Duong di DFS     : 0 -> 39 -> 45 -> 83 -> 28 -> 68 -> 73 -> 64 -> 89
Duong di Dijkstra: 0 -> 39 -> 45 -> 83 -> 28 -> 68 -> 73 -> 64 -> 89

--- 2. DO THI VO HUONG (Undirected) ---
Thong so: So Dinh (V) = 90 | So Canh (E) = 328
----------------------------------------------------------------------------------------------------
Tieu chi             | BFS (Queue)            | DFS (Stack)            | Dijkstra (Heap)       
----------------------------------------------------------------------------------------------------
Do phuc tap (Big O)  | O(V + E)               | O(V + E)               | O((V+E)logV)          
Gia tri Ly thuyet    | ~ 418 phep tinh        | ~ 418 phep tinh        | ~ 2713.6 phep tinh    
Thoi gian chay       | 0.8753 ms              | 0.5383 ms              | 0.8495 ms             
So buoc mo phong     | 91 buoc                | 91 buoc                | 91 buoc               
Tong chi phi         | 91                     | 173                    | 51                    
----------------------------------------------------------------------------------------------------
Duong di BFS     : 0 -> 39 -> 45 -> 48 -> 31 -> 77 -> 42 -> 89
Duong di DFS     : 0 -> 39 -> 45 -> 48 -> 15 -> 41 -> 23 -> 75 -> 35 -> 79 -> 87 -> 63 -> 24 -> 61 -> 12 -> 14 -> 7 -> 50 -> 89
Duong di Dijkstra: 0 -> 51 -> 86 -> 39 -> 83 -> 28 -> 69 -> 71 -> 42 -> 89

GHI CHU:
 - Thoi gian chay bao gom ca thoi gian sinh ra cac trang thai mo phong (yield).
 - Gia tri ly thuyet la con so uoc luong dua tren cong thuc Big O.
